0 0
100000	0
200000	0
300000	0
400000	0
500000	0
600000	0
700000	0
800000	0
900000	0
1000000	0
1100000	0
1200000	0
1300000	0
1400000	0
1500000	0
1600000	0
1700000	0
1800000	0
1900000	0
2000000	0
2100000	0
2200000	0
2300000	0
2400000	0
2500000	0
2600000	0
2700000	0
2800000	0
2900000	0
3000000	0
3100000	0
3200000	0
3300000	0
3400000	0
3500000	0
3600000	0
3700000	0
3800000	0
3900000	2.5641e-07
4000000	2.5e-07
4100000	2.43902e-07
4200000	2.38095e-07
4300000	2.32558e-07
4400000	2.27273e-07
4500000	2.22222e-07
4600000	2.17391e-07
4700000	2.12766e-07
4800000	2.08333e-07
4900000	2.04082e-07
5000000	2e-07
5100000	1.96078e-07
5200000	1.92308e-07
5300000	1.88679e-07
5400000	1.85185e-07
5500000	1.81818e-07
5600000	1.78571e-07
5700000	1.75439e-07
5800000	1.72414e-07
5900000	1.69492e-07
6000000	1.66667e-07
6100000	1.63934e-07
6200000	1.6129e-07
6300000	1.5873e-07
6400000	1.5625e-07
6500000	1.53846e-07
6600000	1.51515e-07
6700000	1.49254e-07
6800000	2.94118e-07
6900000	2.89855e-07
7000000	2.85714e-07
7100000	4.22535e-07
7200000	4.16667e-07
7300000	5.47945e-07
7400000	6.75676e-07
7500000	6.66667e-07
7600000	6.57895e-07
7700000	7.79221e-07
7800000	7.69231e-07
7900000	7.59494e-07
8000000	8.75e-07
8100000	8.64198e-07
8200000	8.53659e-07
8300000	8.43373e-07
8400000	9.52381e-07
8500000	1.05882e-06
8600000	1.04651e-06
8700000	1.03448e-06
8800000	1.02273e-06
8900000	1.1236e-06
9000000	1.11111e-06
9100000	1.0989e-06
9200000	1.08696e-06
9300000	1.07527e-06
9400000	1.06383e-06
9500000	1.15789e-06
9600000	1.25e-06
9700000	1.23711e-06
9800000	1.32653e-06
9900000	1.31313e-06
10000000	1.5e-06
10100000	1.48515e-06
10200000	1.47059e-06
10300000	1.45631e-06
10400000	1.44231e-06
10500000	1.42857e-06
10600000	1.69811e-06
10700000	1.68224e-06
10800000	1.75926e-06
10900000	1.83486e-06
11000000	1.81818e-06
11100000	1.8018e-06
11200000	1.78571e-06
11300000	1.85841e-06
11400000	1.84211e-06
11500000	1.82609e-06
11600000	1.81034e-06
11700000	1.96581e-06
11800000	2.11864e-06
11900000	2.26891e-06
12000000	2.33333e-06
12100000	2.31405e-06
12200000	2.37705e-06
12300000	2.35772e-06
12400000	2.33871e-06
12500000	2.48e-06
12600000	2.46032e-06
12700000	2.44094e-06
12800000	2.65625e-06
12900000	2.7907e-06
13000000	3e-06
13100000	3.05344e-06
13200000	3.10606e-06
13300000	3.15789e-06
13400000	3.20896e-06
13500000	3.18519e-06
13600000	3.23529e-06
13700000	3.21168e-06
13800000	3.47826e-06
13900000	3.52518e-06
14000000	3.57143e-06
14100000	3.68794e-06
14200000	3.80282e-06
14300000	3.91608e-06
14400000	3.95833e-06
14500000	4e-06
14600000	4.0411e-06
14700000	4.42177e-06
14800000	4.45946e-06
14900000	4.42953e-06
15000000	4.6e-06
15100000	4.76821e-06
15200000	4.73684e-06
15300000	4.8366e-06
15400000	5.12987e-06
15500000	5.22581e-06
15600000	5.38462e-06
15700000	5.47771e-06
15800000	6.26582e-06
15900000	6.41509e-06
16000000	6.5625e-06
16100000	6.64596e-06
16200000	6.79012e-06
16300000	6.74847e-06
16400000	6.82927e-06
16500000	6.90909e-06
16600000	7.04819e-06
16700000	7.06587e-06
16800000	7.14286e-06
16900000	7.15976e-06
17000000	7.11765e-06
17100000	7.19298e-06
17200000	7.2093e-06
17300000	7.22543e-06
17400000	7.29885e-06
17500000	7.31429e-06
17600000	7.38636e-06
17700000	7.45763e-06
17800000	7.58427e-06
17900000	7.5419e-06
18000000	7.61111e-06
18100000	8.01105e-06
18200000	8.24176e-06
18300000	8.52459e-06
18400000	8.75e-06
18500000	8.91892e-06
18600000	9.19355e-06
18700000	9.46524e-06
18800000	9.57447e-06
18900000	9.89418e-06
19000000	1e-05
19100000	1.01047e-05
19200000	1.03646e-05
19300000	1.05699e-05
19400000	1.07732e-05
19500000	1.08205e-05
19600000	1.09694e-05
19700000	1.12183e-05
19800000	1.12121e-05
19900000	1.1407e-05
20000000	1.18e-05
20100000	1.199e-05
20200000	1.22277e-05
20300000	1.23645e-05
20400000	1.2598e-05
20500000	1.30244e-05
20600000	1.35922e-05
20700000	1.39614e-05
20800000	1.43269e-05
20900000	1.4689e-05
21000000	1.5e-05
21100000	1.54028e-05
21200000	1.57547e-05
21300000	1.58685e-05
21400000	1.61682e-05
21500000	1.64651e-05
21600000	1.68981e-05
21700000	1.75576e-05
21800000	1.77523e-05
21900000	1.83105e-05
22000000	1.86364e-05
22100000	1.92308e-05
22200000	1.95946e-05
22300000	2.05381e-05
22400000	2.09821e-05
22500000	2.12444e-05
22600000	2.19027e-05
22700000	2.22026e-05
22800000	2.25439e-05
22900000	2.31441e-05
23000000	2.40435e-05
23100000	2.44589e-05
23200000	2.52155e-05
23300000	2.60944e-05
23400000	2.64957e-05
23500000	2.69362e-05
23600000	2.76271e-05
23700000	2.8481e-05
23800000	2.89496e-05
23900000	2.94979e-05
24000000	3.025e-05
24100000	3.10373e-05
24200000	3.17355e-05
24300000	3.2428e-05
24400000	3.31148e-05
24500000	3.43673e-05
24600000	3.53659e-05
24700000	3.62348e-05
24800000	3.73387e-05
24900000	3.84337e-05
25000000	3.908e-05
25100000	3.96016e-05
25200000	4.06349e-05
25300000	4.18182e-05
25400000	4.29528e-05
25500000	4.41961e-05
25600000	4.50391e-05
25700000	4.61868e-05
25800000	4.92248e-05
25900000	5.08494e-05
26000000	5.25e-05
26100000	5.45594e-05
26200000	5.54962e-05
26300000	5.75665e-05
26400000	5.90909e-05
26500000	6.03774e-05
26600000	6.17669e-05
26700000	6.3221e-05
26800000	6.46642e-05
26900000	6.58736e-05
27000000	6.75556e-05
27100000	6.89668e-05
27200000	7.05882e-05
27300000	7.24908e-05
27400000	7.41241e-05
27500000	7.59636e-05
27600000	7.78261e-05
27700000	7.96029e-05
27800000	8.15827e-05
27900000	8.33333e-05
28000000	8.46429e-05
28100000	8.70463e-05
28200000	8.95035e-05
28300000	9.20848e-05
28400000	9.38732e-05
28500000	9.6e-05
28600000	9.87762e-05
28700000	0.00010122
28800000	0.000103681
28900000	0.000106644
29000000	0.000108448
29100000	0.00011079
29200000	0.000113801
29300000	0.000116553
29400000	0.000119218
29500000	0.000122475
29600000	0.000125304
29700000	0.000128451
29800000	0.000131644
29900000	0.00013505
30000000	0.000138267
30100000	0.000141794
30200000	0.000145132
30300000	0.000149406
30400000	0.000152862
30500000	0.000156098
30600000	0.000159216
30700000	0.000162248
30800000	0.000166526
30900000	0.000170097
31000000	0.000173516
31100000	0.000177588
31200000	0.000181731
31300000	0.00018655
31400000	0.000190669
31500000	0.000195492
31600000	0.000199968
31700000	0.000204763
31800000	0.000208962
31900000	0.000215141
32000000	0.000220594
32100000	0.000226012
32200000	0.000231398
32300000	0.000236347
32400000	0.00024179
32500000	0.000247262
32600000	0.000252853
32700000	0.000259174
32800000	0.000265762
32900000	0.000272432
33000000	0.000280364
33100000	0.00028716
33200000	0.000293825
33300000	0.000300571
33400000	0.000308353
33500000	0.000315761
33600000	0.000323125
33700000	0.000330089
33800000	0.000337692
33900000	0.000345339
34000000	0.000354706
34100000	0.000363959
34200000	0.000373158
34300000	0.000385977
34400000	0.000396192
34500000	0.000405884
34600000	0.000415578
34700000	0.000426772
34800000	0.000437385
34900000	0.000448424
35000000	0.000459657
35100000	0.000471282
35200000	0.000482386
35300000	0.000494278
35400000	0.000507062
35500000	0.000518901
35600000	0.000531938
35700000	0.000544678
35800000	0.000557151
35900000	0.000571337
36000000	0.000586917
36100000	0.00060108
36200000	0.000614337
36300000	0.000628788
36400000	0.00064511
36500000	0.000660521
36600000	0.000677432
36700000	0.000694005
36800000	0.000711766
36900000	0.00072897
37000000	0.000745757
37100000	0.00076124
37200000	0.000780134
37300000	0.000800375
37400000	0.000820134
37500000	0.000839733
37600000	0.000858723
37700000	0.000877825
37800000	0.000898651
37900000	0.000919974
38000000	0.000942289
38100000	0.000964934
38200000	0.000987539
38300000	0.00101073
38400000	0.00103466
38500000	0.00106088
38600000	0.00108528
38700000	0.00111021
38800000	0.00113814
38900000	0.00116455
39000000	0.00119362
39100000	0.00122353
39200000	0.00125163
39300000	0.00128257
39400000	0.00131335
39500000	0.00134592
39600000	0.00137745
39700000	0.00140887
39800000	0.00144372
39900000	0.00147799
40000000	0.0015137
40100000	0.00154741
40200000	0.00158346
40300000	0.00162144
40400000	0.00165955
40500000	0.0016977
40600000	0.0017381
40700000	0.00178015
40800000	0.00182225
40900000	0.00186557
41000000	0.00191212
41100000	0.00195786
41200000	0.00200468
41300000	0.00205368
41400000	0.00210316
41500000	0.00215284
41600000	0.00220613
41700000	0.00226031
41800000	0.00231328
41900000	0.00236792
42000000	0.00242479
42100000	0.00248306
42200000	0.00254092
42300000	0.00260165
42400000	0.00266267
42500000	0.00272525
42600000	0.00279113
42700000	0.0028682
42800000	0.00293762
42900000	0.00300585
43000000	0.00307779
43100000	0.00315265
43200000	0.00323056
43300000	0.00330693
43400000	0.00338228
43500000	0.00346775
43600000	0.00354555
43700000	0.00362968
43800000	0.0037124
43900000	0.0038015
44000000	0.00389227
44100000	0.00398678
44200000	0.00407932
44300000	0.00417905
44400000	0.00427811
44500000	0.00438715
44600000	0.00449157
44700000	0.00460394
44800000	0.00471007
44900000	0.00481942
45000000	0.00492693
45100000	0.00504497
45200000	0.00516162
45300000	0.00528108
45400000	0.00540165
45500000	0.00552675
45600000	0.00565296
45700000	0.00577943
45800000	0.00591343
45900000	0.00604996
46000000	0.00618654
46100000	0.00631954
46200000	0.00646338
46300000	0.00661354
46400000	0.00676244
46500000	0.00691725
46600000	0.0070838
46700000	0.00724606
46800000	0.00741444
46900000	0.00758932
47000000	0.00776589
47100000	0.00794098
47200000	0.00811907
47300000	0.00830002
47400000	0.00848776
47500000	0.00868093
47600000	0.00888485
47700000	0.00906977
47800000	0.00927494
47900000	0.00949568
48000000	0.00970627
48100000	0.0099273
48200000	0.0101543
48300000	0.0103832
48400000	0.010618
48500000	0.0108569
48600000	0.0111027
48700000	0.0113467
48800000	0.0115995
48900000	0.0118535
49000000	0.0121208
49100000	0.0123804
49200000	0.0126424
49300000	0.012913
49400000	0.0131904
49500000	0.0134846
49600000	0.0137705
49700000	0.0140599
49800000	0.014372
49900000	0.0146874
50000000	0.0150144
50100000	0.0153429
50200000	0.0156788
50300000	0.0160285
50400000	0.0163828
50500000	0.0167456
50600000	0.0171133
50700000	0.0174705
50800000	0.0178545
50900000	0.0182331
51000000	0.0186235
51100000	0.0190233
51200000	0.0194259
51300000	0.0198382
51400000	0.0202536
51500000	0.0206866
51600000	0.0211155
51700000	0.0215601
51800000	0.0220086
51900000	0.0224726
52000000	0.0229373
52100000	0.0234066
52200000	0.0238817
52300000	0.0243749
52400000	0.0248655
52500000	0.0253552
52600000	0.0258432
52700000	0.0263408
52800000	0.0268762
52900000	0.0273916
53000000	0.0279257
53100000	0.0284699
53200000	0.0290219
53300000	0.0295876
53400000	0.0301378
53500000	0.0307148
53600000	0.0313044
53700000	0.0318999
53800000	0.032492
53900000	0.0331067
54000000	0.0337301
54100000	0.0343612
54200000	0.0350043
54300000	0.0356252
54400000	0.0362561
54500000	0.0369085
54600000	0.0375685
54700000	0.0382436
54800000	0.0389239
54900000	0.0396094
55000000	0.0403112
55100000	0.0410293
55200000	0.0417437
55300000	0.0424738
55400000	0.0431962
55500000	0.0439424
55600000	0.0446871
55700000	0.0454343
55800000	0.0461944
55900000	0.0469678
56000000	0.0477347
56100000	0.0485208
56200000	0.0493095
56300000	0.0500958
56400000	0.0508964
56500000	0.0516989
56600000	0.0525128
56700000	0.0533374
56800000	0.0541642
56900000	0.0550077
57000000	0.0558492
57100000	0.0566988
57200000	0.0575564
57300000	0.0584163
57400000	0.0592882
57500000	0.060169
57600000	0.0610579
57700000	0.061941
57800000	0.0628328
57900000	0.0637331
58000000	0.0646313
58100000	0.0655336
58200000	0.0664373
58300000	0.0673466
58400000	0.0682668
58500000	0.0691883
58600000	0.0701178
58700000	0.0710467
58800000	0.07199
58900000	0.0729349
59000000	0.0738758
59100000	0.0748307
59200000	0.075781
59300000	0.0767192
59400000	0.077684
59500000	0.07864
59600000	0.0796186
59700000	0.0805913
59800000	0.081572
59900000	0.0825574
60000000	0.0835586
60100000	0.0845454
60200000	0.0855375
60300000	0.0865327
60400000	0.0875394
60500000	0.0885503
60600000	0.0895501
60700000	0.090539
60800000	0.0915382
60900000	0.0925583
61000000	0.0935639
61100000	0.0945721
61200000	0.0955902
61300000	0.0966016
61400000	0.0976223
61500000	0.0986462
61600000	0.0996751
61700000	0.100696
61800000	0.101731
61900000	0.102762
62000000	0.103787
62100000	0.104816
62200000	0.105835
62300000	0.106865
62400000	0.107885
62500000	0.108912
62600000	0.109942
62700000	0.110976
62800000	0.112014
62900000	0.113057
63000000	0.114096
63100000	0.115136
63200000	0.11619
63300000	0.117233
63400000	0.118283
63500000	0.119331
63600000	0.12038
63700000	0.121426
63800000	0.122461
63900000	0.123497
64000000	0.124543
64100000	0.125579
64200000	0.126637
64300000	0.127678
64400000	0.128717
64500000	0.129753
64600000	0.13079
64700000	0.131829
64800000	0.132871
64900000	0.133914
65000000	0.134952
65100000	0.135996
65200000	0.137028
65300000	0.138064
65400000	0.139111
65500000	0.140155
65600000	0.141192
65700000	0.142235
65800000	0.143281
65900000	0.144308
66000000	0.145349
66100000	0.14638
66200000	0.14742
66300000	0.148459
66400000	0.149499
66500000	0.150535
66600000	0.151562
66700000	0.1526
66800000	0.153628
66900000	0.154657
67000000	0.155685
67100000	0.156717
67200000	0.157747
67300000	0.158781
67400000	0.159804
67500000	0.160832
67600000	0.16187
67700000	0.162884
67800000	0.163896
67900000	0.164931
68000000	0.165947
68100000	0.166952
68200000	0.167964
68300000	0.168977
68400000	0.169996
68500000	0.171006
68600000	0.172004
68700000	0.17302
68800000	0.174019
68900000	0.175025
69000000	0.176028
69100000	0.177028
69200000	0.178039
69300000	0.179038
69400000	0.180043
69500000	0.181046
69600000	0.18204
69700000	0.183049
69800000	0.184046
69900000	0.185052
70000000	0.186038
70100000	0.187033
70200000	0.188018
70300000	0.189007
70400000	0.189981
70500000	0.190954
70600000	0.191939
70700000	0.192913
70800000	0.19389
70900000	0.194873
71000000	0.195853
71100000	0.196827
71200000	0.197804
71300000	0.198768
71400000	0.199732
71500000	0.200707
71600000	0.201679
71700000	0.202646
71800000	0.203619
71900000	0.204585
72000000	0.205548
72100000	0.206503
72200000	0.207465
72300000	0.208425
72400000	0.209382
72500000	0.210335
72600000	0.211291
72700000	0.212239
72800000	0.21319
72900000	0.214129
73000000	0.215081
73100000	0.21602
73200000	0.21696
73300000	0.217899
73400000	0.218831
73500000	0.219768
73600000	0.220703
73700000	0.221634
73800000	0.222564
73900000	0.223487
74000000	0.224417
74100000	0.225345
74200000	0.226257
74300000	0.227176
74400000	0.228095
74500000	0.22901
74600000	0.229922
74700000	0.230833
74800000	0.231753
74900000	0.232666
75000000	0.233573
75100000	0.234487
75200000	0.235391
75300000	0.236304
75400000	0.237205
75500000	0.238112
75600000	0.239017
75700000	0.239917
75800000	0.240823
75900000	0.241714
76000000	0.242608
76100000	0.243501
76200000	0.244394
76300000	0.245269
76400000	0.246159
76500000	0.247052
76600000	0.247936
76700000	0.248828
76800000	0.249699
76900000	0.250574
77000000	0.251452
77100000	0.252332
77200000	0.253206
77300000	0.254083
77400000	0.254959
77500000	0.255832
77600000	0.256702
77700000	0.25757
77800000	0.258443
77900000	0.259307
78000000	0.260167
78100000	0.261013
78200000	0.261868
78300000	0.262719
78400000	0.263576
78500000	0.264426
78600000	0.265272
78700000	0.266119
78800000	0.266968
78900000	0.267811
79000000	0.268658
79100000	0.269488
79200000	0.270328
79300000	0.271168
79400000	0.272002
79500000	0.272832
79600000	0.273659
79700000	0.274481
79800000	0.275328
79900000	0.276156
80000000	0.276982
80100000	0.277802
80200000	0.278618
80300000	0.27944
80400000	0.280254
80500000	0.28108
80600000	0.281899
80700000	0.282717
80800000	0.283521
80900000	0.284328
81000000	0.285142
81100000	0.285947
81200000	0.286752
81300000	0.287555
81400000	0.288358
81500000	0.289166
81600000	0.289963
81700000	0.290773
81800000	0.291567
81900000	0.292363
82000000	0.29315
82100000	0.293936
82200000	0.294725
82300000	0.295516
82400000	0.296304
82500000	0.297092
82600000	0.297883
82700000	0.298662
82800000	0.299438
82900000	0.300211
83000000	0.300989
83100000	0.301758
83200000	0.302528
83300000	0.303302
83400000	0.304077
83500000	0.304856
83600000	0.305634
83700000	0.306397
83800000	0.307165
83900000	0.307918
84000000	0.30868
84100000	0.309443
84200000	0.310195
84300000	0.31095
84400000	0.311706
84500000	0.312461
84600000	0.313214
84700000	0.313969
84800000	0.314716
84900000	0.31546
85000000	0.316207
85100000	0.316961
85200000	0.317706
85300000	0.318453
85400000	0.319202
85500000	0.319941
85600000	0.32068
85700000	0.321422
85800000	0.322151
85900000	0.322888
86000000	0.323615
86100000	0.324346
86200000	0.325068
86300000	0.325793
86400000	0.326518
86500000	0.32725
86600000	0.327972
86700000	0.328696
86800000	0.329417
86900000	0.330135
87000000	0.330854
87100000	0.33157
87200000	0.332296
87300000	0.333018
87400000	0.333733
87500000	0.33444
87600000	0.335142
87700000	0.335845
87800000	0.336545
87900000	0.337242
88000000	0.337943
88100000	0.338644
88200000	0.339358
88300000	0.340058
88400000	0.340764
88500000	0.341467
88600000	0.342166
88700000	0.342873
88800000	0.343569
88900000	0.344258
89000000	0.344957
89100000	0.34564
89200000	0.346335
89300000	0.347019
89400000	0.347706
89500000	0.34839
89600000	0.349068
89700000	0.349759
89800000	0.350434
89900000	0.351113
90000000	0.351783
90100000	0.352452
90200000	0.353135
90300000	0.353808
90400000	0.354483
90500000	0.355155
90600000	0.355812
90700000	0.356474
90800000	0.357144
90900000	0.357804
91000000	0.358468
91100000	0.359146
91200000	0.359813
91300000	0.360466
91400000	0.36113
91500000	0.361784
91600000	0.362434
91700000	0.363088
91800000	0.363743
91900000	0.364411
92000000	0.365063
92100000	0.365714
92200000	0.366358
92300000	0.367005
92400000	0.367652
92500000	0.368299
92600000	0.36895
92700000	0.369594
92800000	0.370243
92900000	0.370877
93000000	0.37151
93100000	0.372154
93200000	0.372794
93300000	0.373438
93400000	0.374071
93500000	0.374695
93600000	0.375324
93700000	0.375953
93800000	0.376595
93900000	0.377227
94000000	0.377858
94100000	0.378485
94200000	0.379112
94300000	0.379734
94400000	0.380363
94500000	0.380983
94600000	0.38161
94700000	0.382232
94800000	0.382854
94900000	0.383473
95000000	0.384099
95100000	0.38471
95200000	0.385325
95300000	0.385944
95400000	0.386565
95500000	0.387185
95600000	0.387796
95700000	0.388399
95800000	0.389003
95900000	0.389602
96000000	0.390201
96100000	0.390812
96200000	0.391416
96300000	0.392024
96400000	0.392624
96500000	0.393231
96600000	0.393832
96700000	0.394432
96800000	0.395024
96900000	0.395616
97000000	0.396214
97100000	0.396808
97200000	0.397394
97300000	0.397995
97400000	0.398579
97500000	0.399163
97600000	0.399743
97700000	0.40033
97800000	0.400912
97900000	0.401504
98000000	0.40209
98100000	0.402671
98200000	0.403214
98300000	0.403797
98400000	0.404378
98500000	0.404951
98600000	0.405525
98700000	0.406103
98800000	0.406679
98900000	0.407254
99000000	0.407828
99100000	0.4084
99200000	0.408975
99300000	0.409544
99400000	0.410114
99500000	0.410677
99600000	0.411243
99700000	0.411802
99800000	0.412364
99900000	0.412894
100000000	0.41346
100100000	0.414017
100200000	0.414586
100300000	0.415138
100400000	0.415697
100500000	0.416253
100600000	0.416805
100700000	0.417354
100800000	0.417918
100900000	0.418479
101000000	0.419038
101100000	0.419594
101200000	0.42014
101300000	0.420695
101400000	0.42124
101500000	0.421792
101600000	0.422341
101700000	0.422879
101800000	0.423423
101900000	0.423968
102000000	0.424507
102100000	0.425045
102200000	0.42559
102300000	0.426133
102400000	0.426676
102500000	0.427213
102600000	0.427753
102700000	0.428291
102800000	0.428832
102900000	0.429364
103000000	0.429903
103100000	0.430438
103200000	0.430966
103300000	0.431507
103400000	0.432033
103500000	0.432562
103600000	0.433087
103700000	0.433607
103800000	0.43413
103900000	0.434649
104000000	0.435172
104100000	0.435692
104200000	0.436216
104300000	0.436741
104400000	0.437263
104500000	0.437781
104600000	0.438298
104700000	0.438807
104800000	0.439329
104900000	0.439843
105000000	0.440359
105100000	0.440871
105200000	0.441376
105300000	0.44188
105400000	0.442392
105500000	0.442901
105600000	0.443407
105700000	0.443922
105800000	0.444428
105900000	0.444936
106000000	0.445435
106100000	0.445943
106200000	0.446449
106300000	0.446958
106400000	0.447465
106500000	0.447973
106600000	0.448474
106700000	0.448988
106800000	0.449491
106900000	0.449985
107000000	0.450486
107100000	0.450981
107200000	0.451477
107300000	0.451969
107400000	0.45246
107500000	0.452963
107600000	0.453456
107700000	0.453946
107800000	0.454437
107900000	0.454929
108000000	0.45542
108100000	0.455907
108200000	0.456393
108300000	0.456884
108400000	0.457364
108500000	0.45785
108600000	0.458334
108700000	0.45882
108800000	0.459303
108900000	0.459784
109000000	0.460267
109100000	0.46075
109200000	0.461234
109300000	0.461713
109400000	0.462195
109500000	0.462667
109600000	0.463141
109700000	0.463621
109800000	0.464099
109900000	0.464577
110000000	0.465048
110100000	0.465534
110200000	0.466009
110300000	0.46649
110400000	0.466961
110500000	0.467435
110600000	0.4679
110700000	0.468367
110800000	0.468836
110900000	0.469299
111000000	0.469764
111100000	0.470231
111200000	0.470707
111300000	0.471176
111400000	0.471631
111500000	0.47209
111600000	0.472553
111700000	0.473016
111800000	0.473478
111900000	0.473938
112000000	0.474395
112100000	0.474851
112200000	0.475307
112300000	0.475767
112400000	0.476221
112500000	0.47667
112600000	0.477124
112700000	0.477581
112800000	0.478041
112900000	0.478498
113000000	0.478951
113100000	0.479397
113200000	0.479845
113300000	0.480288
113400000	0.480735
113500000	0.481191
113600000	0.481642
113700000	0.482085
113800000	0.482526
113900000	0.482969
114000000	0.483415
114100000	0.48386
114200000	0.484299
114300000	0.484743
114400000	0.485186
114500000	0.485626
114600000	0.48606
114700000	0.486496
114800000	0.486938
114900000	0.48738
115000000	0.487813
115100000	0.488244
115200000	0.488688
115300000	0.489128
115400000	0.48956
115500000	0.489992
115600000	0.490424
115700000	0.490844
115800000	0.491272
115900000	0.491701
116000000	0.492131
116100000	0.492561
116200000	0.492993
116300000	0.493416
116400000	0.493844
116500000	0.494275
116600000	0.494703
116700000	0.495132
116800000	0.495554
116900000	0.495969
117000000	0.496392
117100000	0.496812
117200000	0.497236
117300000	0.497657
117400000	0.498072
117500000	0.498485
117600000	0.498907
117700000	0.499325
117800000	0.499738
117900000	0.500151
118000000	0.500563
118100000	0.500983
118200000	0.50139
118300000	0.501798
118400000	0.502213
118500000	0.502625
118600000	0.503038
118700000	0.503448
118800000	0.503866
118900000	0.50428
119000000	0.504691
119100000	0.505101
119200000	0.505508
119300000	0.505916
119400000	0.506325
119500000	0.506728
119600000	0.507133
119700000	0.507538
119800000	0.507945
119900000	0.508357
120000000	0.508763
120100000	0.509167
120200000	0.50957
120300000	0.509976
120400000	0.510376
120500000	0.510776
120600000	0.511172
120700000	0.511571
120800000	0.511975
120900000	0.512383
121000000	0.512778
121100000	0.513178
121200000	0.513577
121300000	0.513984
121400000	0.514387
121500000	0.514783
121600000	0.515183
121700000	0.515572
121800000	0.515974
121900000	0.516361
122000000	0.516754
122100000	0.517145
122200000	0.517537
122300000	0.517925
122400000	0.518319
122500000	0.518701
122600000	0.519093
122700000	0.519475
122800000	0.519862
122900000	0.52025
123000000	0.520638
123100000	0.521021
123200000	0.521405
123300000	0.521785
123400000	0.522171
123500000	0.522555
123600000	0.52294
123700000	0.523319
123800000	0.523697
123900000	0.524075
124000000	0.524454
124100000	0.524832
124200000	0.525217
124300000	0.52559
124400000	0.52597
124500000	0.526348
124600000	0.526726
124700000	0.527101
124800000	0.527479
124900000	0.527851
125000000	0.528229
125100000	0.528599
125200000	0.52898
125300000	0.529358
125400000	0.529726
125500000	0.530101
125600000	0.530467
125700000	0.530841
125800000	0.53121
125900000	0.531582
126000000	0.531948
126100000	0.532316
126200000	0.532688
126300000	0.533054
126400000	0.533425
126500000	0.533797
126600000	0.534161
126700000	0.534526
126800000	0.534888
126900000	0.535254
127000000	0.535612
127100000	0.53597
127200000	0.536324
127300000	0.53669
127400000	0.537056
127500000	0.537415
127600000	0.537772
127700000	0.538133
127800000	0.538492
127900000	0.538849
128000000	0.53921
128100000	0.539564
128200000	0.539926
128300000	0.540289
128400000	0.54065
128500000	0.541006
128600000	0.541361
128700000	0.541711
128800000	0.54206
128900000	0.542415
129000000	0.542767
129100000	0.543121
129200000	0.543478
129300000	0.54383
129400000	0.544179
129500000	0.544527
129600000	0.544874
129700000	0.545227
129800000	0.545575
129900000	0.545922
130000000	0.54627
130100000	0.546611
130200000	0.546959
130300000	0.547308
130400000	0.547657
130500000	0.548009
130600000	0.548354
130700000	0.548695
130800000	0.549035
130900000	0.549381
131000000	0.54972
131100000	0.550068
131200000	0.550407
131300000	0.550753
131400000	0.551092
131500000	0.551432
131600000	0.551769
131700000	0.55211
131800000	0.552451
131900000	0.552789
132000000	0.553124
132100000	0.553463
132200000	0.553801
132300000	0.554139
132400000	0.554469
132500000	0.554807
132600000	0.555144
132700000	0.555487
132800000	0.555821
132900000	0.556154
133000000	0.556483
133100000	0.556816
133200000	0.557147
133300000	0.557478
133400000	0.557805
133500000	0.55813
133600000	0.55846
133700000	0.55879
133800000	0.559118
133900000	0.55945
134000000	0.559781
134100000	0.560108
134200000	0.56043
134300000	0.56076
134400000	0.561091
134500000	0.561417
134600000	0.561745
134700000	0.562071
134800000	0.562398
134900000	0.562725
135000000	0.56305
135100000	0.563377
135200000	0.563703
135300000	0.564022
135400000	0.564339
135500000	0.564663
135600000	0.564986
135700000	0.56531
135800000	0.565629
135900000	0.565956
136000000	0.566274
136100000	0.566586
136200000	0.566901
136300000	0.567213
136400000	0.567532
136500000	0.567841
136600000	0.568159
136700000	0.568472
136800000	0.56879
136900000	0.569103
137000000	0.569415
137100000	0.569736
