0 0
100000	6.620e-08
200000	6.620e-08
300000	6.620e-08
400000	6.620e-08
500000	6.620e-08
600000	6.620e-08
700000	6.620e-08
800000	6.620e-08
900000	6.620e-08
1000000	6.620e-08
1100000	6.620e-08
1200000	6.620e-08
1300000	6.620e-08
1400000	6.620e-08
1500000	6.620e-08
1600000	6.620e-08
1700000	6.620e-08
1800000	6.620e-08
1900000	6.620e-08
2000000	6.620e-08
2100000	6.620e-08
2200000	6.620e-08
2300000	6.620e-08
2400000	6.620e-08
2500000	6.620e-08
2600000	6.620e-08
2700000	6.620e-08
2800000	6.620e-08
2900000	6.620e-08
3000000	6.620e-08
3100000	6.620e-08
3200000	6.620e-08
3300000	6.620e-08
3400000	6.620e-08
3500000	6.620e-08
3600000	6.620e-08
3700000	6.620e-08
3800000	6.620e-08
3900000	6.620e-08
4000000	6.620e-08
4100000	6.620e-08
4200000	6.620e-08
4300000	6.620e-08
4400000	6.620e-08
4500000	6.620e-08
4600000	6.620e-08
4700000	6.620e-08
4800000	6.620e-08
4900000	6.620e-08
5000000	6.620e-08
5100000	6.620e-08
5200000	6.620e-08
5300000	6.620e-08
5400000	6.620e-08
5500000	6.620e-08
5600000	6.620e-08
5700000	6.620e-08
5800000	6.620e-08
5900000	6.620e-08
6000000	6.620e-08
6100000	6.620e-08
6200000	6.620e-08
6300000	6.620e-08
6400000	6.620e-08
6500000	6.620e-08
6600000	6.620e-08
6700000	6.620e-08
6800000	6.620e-08
6900000	6.620e-08
7000000	6.620e-08
7100000	6.620e-08
7200000	6.620e-08
7300000	6.620e-08
7400000	6.620e-08
7500000	6.620e-08
7600000	6.620e-08
7700000	6.620e-08
7800000	6.620e-08
7900000	6.620e-08
8000000	6.620e-08
8100000	6.620e-08
8200000	6.620e-08
8300000	6.620e-08
8400000	6.620e-08
8500000	6.620e-08
8600000	6.620e-08
8700000	6.620e-08
8800000	1.750e-07
8900000	1.750e-07
9000000	1.750e-07
9100000	2.809e-07
9200000	3.739e-07
9300000	3.739e-07
9400000	3.739e-07
9500000	3.739e-07
9600000	4.765e-07
9700000	5.212e-07
9800000	5.212e-07
9900000	5.212e-07
10000000	5.212e-07
10100000	5.212e-07
10200000	5.212e-07
10300000	5.212e-07
10400000	5.212e-07
10500000	5.212e-07
10600000	5.212e-07
10700000	5.212e-07
10800000	6.044e-07
10900000	6.898e-07
11000000	7.234e-07
11100000	7.234e-07
11200000	7.234e-07
11300000	7.234e-07
11400000	7.234e-07
11500000	7.234e-07
11600000	7.234e-07
11700000	7.234e-07
11800000	7.234e-07
11900000	7.892e-07
12000000	7.892e-07
12100000	7.892e-07
12200000	8.442e-07
12300000	8.442e-07
12400000	8.442e-07
12500000	8.442e-07
12600000	8.720e-07
12700000	8.720e-07
12800000	8.720e-07
12900000	8.720e-07
13000000	8.720e-07
13100000	8.720e-07
13200000	8.720e-07
13300000	9.429e-07
13400000	1.003e-06
13500000	1.003e-06
13600000	1.027e-06
13700000	1.027e-06
13800000	1.027e-06
13900000	1.027e-06
14000000	1.027e-06
14100000	1.027e-06
14200000	1.087e-06
14300000	1.087e-06
14400000	1.206e-06
14500000	1.206e-06
14600000	1.271e-06
14700000	1.282e-06
14800000	1.282e-06
14900000	1.282e-06
15000000	1.282e-06
15100000	1.282e-06
15200000	1.282e-06
15300000	1.332e-06
15400000	1.332e-06
15500000	1.367e-06
15600000	1.367e-06
15700000	1.367e-06
15800000	1.367e-06
15900000	1.367e-06
16000000	1.367e-06
16100000	1.367e-06
16200000	1.367e-06
16300000	1.367e-06
16400000	1.367e-06
16500000	1.367e-06
16600000	1.479e-06
16700000	1.524e-06
16800000	1.578e-06
16900000	1.624e-06
17000000	1.677e-06
17100000	1.708e-06
17200000	1.708e-06
17300000	1.708e-06
17400000	1.750e-06
17500000	1.777e-06
17600000	1.777e-06
17700000	1.777e-06
17800000	1.793e-06
17900000	1.793e-06
18000000	1.793e-06
18100000	1.793e-06
18200000	1.833e-06
18300000	1.833e-06
18400000	1.858e-06
18500000	1.858e-06
18600000	1.858e-06
18700000	1.858e-06
18800000	1.858e-06
18900000	1.858e-06
19000000	1.858e-06
19100000	1.858e-06
19200000	1.896e-06
19300000	1.921e-06
19400000	1.921e-06
19500000	1.921e-06
19600000	1.964e-06
19700000	1.996e-06
19800000	1.996e-06
19900000	2.029e-06
20000000	2.076e-06
20100000	2.110e-06
20200000	2.156e-06
20300000	2.179e-06
20400000	2.179e-06
20500000	2.197e-06
20600000	2.197e-06
20700000	2.197e-06
20800000	2.198e-06
20900000	2.198e-06
21000000	2.198e-06
21100000	2.198e-06
21200000	2.234e-06
21300000	2.234e-06
21400000	2.316e-06
21500000	2.510e-06
21600000	2.510e-06
21700000	2.510e-06
21800000	2.590e-06
21900000	2.625e-06
22000000	2.698e-06
22100000	2.829e-06
22200000	2.997e-06
22300000	3.105e-06
22400000	3.105e-06
22500000	3.179e-06
22600000	3.342e-06
22700000	3.417e-06
22800000	3.531e-06
22900000	3.681e-06
23000000	3.716e-06
23100000	3.830e-06
23200000	3.944e-06
23300000	4.136e-06
23400000	4.255e-06
23500000	4.378e-06
23600000	4.378e-06
23700000	4.491e-06
23800000	4.600e-06
23900000	4.708e-06
24000000	4.933e-06
24100000	5.045e-06
24200000	5.101e-06
24300000	5.208e-06
24400000	5.343e-06
24500000	5.452e-06
24600000	5.589e-06
24700000	5.723e-06
24800000	5.783e-06
24900000	5.804e-06
25000000	5.861e-06
25100000	5.938e-06
25200000	5.969e-06
25300000	6.064e-06
25400000	6.200e-06
25500000	6.257e-06
25600000	6.304e-06
25700000	6.481e-06
25800000	6.531e-06
25900000	6.698e-06
26000000	6.827e-06
26100000	6.956e-06
26200000	7.147e-06
26300000	7.208e-06
26400000	7.291e-06
26500000	7.419e-06
26600000	7.419e-06
26700000	7.463e-06
26800000	7.463e-06
26900000	7.568e-06
27000000	7.712e-06
27100000	7.833e-06
27200000	7.997e-06
27300000	8.060e-06
27400000	8.121e-06
27500000	8.194e-06
27600000	8.426e-06
27700000	8.646e-06
27800000	8.724e-06
27900000	8.764e-06
28000000	8.803e-06
28100000	8.950e-06
28200000	8.952e-06
28300000	9.204e-06
28400000	9.523e-06
28500000	9.702e-06
28600000	9.841e-06
28700000	9.841e-06
28800000	9.950e-06
28900000	1.019e-05
29000000	1.036e-05
29100000	1.053e-05
29200000	1.087e-05
29300000	1.104e-05
29400000	1.117e-05
29500000	1.127e-05
29600000	1.143e-05
29700000	1.157e-05
29800000	1.183e-05
29900000	1.219e-05
30000000	1.245e-05
30100000	1.278e-05
30200000	1.306e-05
30300000	1.337e-05
30400000	1.353e-05
30500000	1.376e-05
30600000	1.414e-05
30700000	1.464e-05
30800000	1.489e-05
30900000	1.513e-05
31000000	1.540e-05
31100000	1.571e-05
31200000	1.609e-05
31300000	1.640e-05
31400000	1.674e-05
31500000	1.706e-05
31600000	1.768e-05
31700000	1.803e-05
31800000	1.841e-05
31900000	1.876e-05
32000000	1.914e-05
32100000	1.946e-05
32200000	2.007e-05
32300000	2.063e-05
32400000	2.113e-05
32500000	2.155e-05
32600000	2.204e-05
32700000	2.230e-05
32800000	2.268e-05
32900000	2.299e-05
33000000	2.325e-05
33100000	2.361e-05
33200000	2.405e-05
33300000	2.437e-05
33400000	2.465e-05
33500000	2.485e-05
33600000	2.528e-05
33700000	2.601e-05
33800000	2.667e-05
33900000	2.721e-05
34000000	2.775e-05
34100000	2.837e-05
34200000	2.870e-05
34300000	2.929e-05
34400000	2.996e-05
34500000	3.057e-05
34600000	3.122e-05
34700000	3.174e-05
34800000	3.234e-05
34900000	3.308e-05
35000000	3.387e-05
35100000	3.474e-05
35200000	3.570e-05
35300000	3.630e-05
35400000	3.711e-05
35500000	3.821e-05
35600000	3.925e-05
35700000	4.032e-05
35800000	4.135e-05
35900000	4.251e-05
36000000	4.349e-05
36100000	4.483e-05
36200000	4.609e-05
36300000	4.734e-05
36400000	4.836e-05
36500000	4.960e-05
36600000	5.116e-05
36700000	5.222e-05
36800000	5.352e-05
36900000	5.437e-05
37000000	5.582e-05
37100000	5.680e-05
37200000	5.792e-05
37300000	5.974e-05
37400000	6.092e-05
37500000	6.244e-05
37600000	6.379e-05
37700000	6.561e-05
37800000	6.718e-05
37900000	6.904e-05
38000000	7.088e-05
38100000	7.240e-05
38200000	7.415e-05
38300000	7.592e-05
38400000	7.775e-05
38500000	7.983e-05
38600000	8.185e-05
38700000	8.368e-05
38800000	8.576e-05
38900000	8.775e-05
39000000	9.019e-05
39100000	9.239e-05
39200000	9.468e-05
39300000	9.704e-05
39400000	9.938e-05
39500000	1.021e-04
39600000	1.051e-04
39700000	1.073e-04
39800000	1.103e-04
39900000	1.135e-04
40000000	1.166e-04
40100000	1.193e-04
40200000	1.219e-04
40300000	1.248e-04
40400000	1.279e-04
40500000	1.313e-04
40600000	1.346e-04
40700000	1.373e-04
40800000	1.408e-04
40900000	1.442e-04
41000000	1.478e-04
41100000	1.516e-04
41200000	1.557e-04
41300000	1.596e-04
41400000	1.634e-04
41500000	1.677e-04
41600000	1.714e-04
41700000	1.759e-04
41800000	1.804e-04
41900000	1.849e-04
42000000	1.894e-04
42100000	1.951e-04
42200000	2.008e-04
42300000	2.066e-04
42400000	2.125e-04
42500000	2.185e-04
42600000	2.246e-04
42700000	2.313e-04
42800000	2.375e-04
42900000	2.447e-04
43000000	2.523e-04
43100000	2.590e-04
43200000	2.666e-04
43300000	2.746e-04
43400000	2.823e-04
43500000	2.907e-04
43600000	2.993e-04
43700000	3.076e-04
43800000	3.167e-04
43900000	3.264e-04
44000000	3.346e-04
44100000	3.442e-04
44200000	3.535e-04
44300000	3.626e-04
44400000	3.724e-04
44500000	3.819e-04
44600000	3.923e-04
44700000	4.030e-04
44800000	4.136e-04
44900000	4.252e-04
45000000	4.353e-04
45100000	4.468e-04
45200000	4.590e-04
45300000	4.722e-04
45400000	4.840e-04
45500000	4.964e-04
45600000	5.102e-04
45700000	5.245e-04
45800000	5.380e-04
45900000	5.531e-04
46000000	5.677e-04
46100000	5.828e-04
46200000	5.997e-04
46300000	6.154e-04
46400000	6.323e-04
46500000	6.500e-04
46600000	6.669e-04
46700000	6.855e-04
46800000	7.034e-04
46900000	7.228e-04
47000000	7.416e-04
47100000	7.621e-04
47200000	7.833e-04
47300000	8.043e-04
47400000	8.275e-04
47500000	8.509e-04
47600000	8.742e-04
47700000	9.013e-04
47800000	9.256e-04
47900000	9.521e-04
48000000	9.798e-04
48100000	1.008e-03
48200000	1.038e-03
48300000	1.068e-03
48400000	1.100e-03
48500000	1.132e-03
48600000	1.165e-03
48700000	1.200e-03
48800000	1.235e-03
48900000	1.270e-03
49000000	1.307e-03
49100000	1.344e-03
49200000	1.386e-03
49300000	1.428e-03
49400000	1.471e-03
49500000	1.517e-03
49600000	1.563e-03
49700000	1.609e-03
49800000	1.659e-03
49900000	1.708e-03
50000000	1.760e-03
50100000	1.815e-03
50200000	1.870e-03
50300000	1.928e-03
50400000	1.987e-03
50500000	2.048e-03
50600000	2.112e-03
50700000	2.180e-03
50800000	2.248e-03
50900000	2.320e-03
51000000	2.392e-03
51100000	2.466e-03
51200000	2.542e-03
51300000	2.622e-03
51400000	2.705e-03
51500000	2.793e-03
51600000	2.883e-03
51700000	2.976e-03
51800000	3.072e-03
51900000	3.173e-03
52000000	3.280e-03
52100000	3.389e-03
52200000	3.502e-03
52300000	3.620e-03
52400000	3.742e-03
52500000	3.871e-03
52600000	3.998e-03
52700000	4.138e-03
52800000	4.282e-03
52900000	4.427e-03
53000000	4.582e-03
53100000	4.740e-03
53200000	4.907e-03
53300000	5.079e-03
53400000	5.261e-03
53500000	5.447e-03
53600000	5.642e-03
53700000	5.848e-03
53800000	6.057e-03
53900000	6.277e-03
54000000	6.504e-03
54100000	6.743e-03
54200000	6.993e-03
54300000	7.250e-03
54400000	7.516e-03
54500000	7.797e-03
54600000	8.084e-03
54700000	8.390e-03
54800000	8.708e-03
54900000	9.033e-03
55000000	9.372e-03
55100000	9.723e-03
55200000	1.009e-02
55300000	1.047e-02
55400000	1.086e-02
55500000	1.127e-02
55600000	1.169e-02
55700000	1.214e-02
55800000	1.259e-02
55900000	1.307e-02
56000000	1.356e-02
56100000	1.407e-02
56200000	1.459e-02
56300000	1.514e-02
56400000	1.569e-02
56500000	1.627e-02
56600000	1.687e-02
56700000	1.748e-02
56800000	1.811e-02
56900000	1.875e-02
57000000	1.942e-02
57100000	2.010e-02
57200000	2.080e-02
57300000	2.152e-02
57400000	2.227e-02
57500000	2.302e-02
57600000	2.381e-02
57700000	2.461e-02
57800000	2.542e-02
57900000	2.625e-02
58000000	2.710e-02
58100000	2.796e-02
58200000	2.884e-02
58300000	2.972e-02
58400000	3.064e-02
58500000	3.156e-02
58600000	3.251e-02
58700000	3.346e-02
58800000	3.442e-02
58900000	3.540e-02
59000000	3.640e-02
59100000	3.740e-02
59200000	3.842e-02
59300000	3.944e-02
59400000	4.048e-02
59500000	4.153e-02
59600000	4.260e-02
59700000	4.369e-02
59800000	4.477e-02
59900000	4.587e-02
60000000	4.696e-02
60100000	4.807e-02
60200000	4.920e-02
60300000	5.033e-02
60400000	5.147e-02
60500000	5.262e-02
60600000	5.376e-02
60700000	5.492e-02
60800000	5.607e-02
60900000	5.724e-02
61000000	5.840e-02
61100000	5.958e-02
61200000	6.076e-02
61300000	6.196e-02
61400000	6.315e-02
61500000	6.435e-02
61600000	6.555e-02
61700000	6.676e-02
61800000	6.796e-02
61900000	6.917e-02
62000000	7.038e-02
62100000	7.160e-02
62200000	7.282e-02
62300000	7.405e-02
62400000	7.528e-02
62500000	7.650e-02
62600000	7.772e-02
62700000	7.895e-02
62800000	8.018e-02
62900000	8.141e-02
63000000	8.264e-02
63100000	8.388e-02
63200000	8.511e-02
63300000	8.635e-02
63400000	8.758e-02
63500000	8.882e-02
63600000	9.005e-02
63700000	9.129e-02
63800000	9.252e-02
63900000	9.376e-02
64000000	9.501e-02
64100000	9.625e-02
64200000	9.748e-02
64300000	9.873e-02
64400000	9.996e-02
64500000	1.012e-01
64600000	1.024e-01
64700000	1.037e-01
64800000	1.049e-01
64900000	1.061e-01
65000000	1.074e-01
65100000	1.086e-01
65200000	1.098e-01
65300000	1.111e-01
65400000	1.123e-01
65500000	1.135e-01
65600000	1.148e-01
65700000	1.160e-01
65800000	1.172e-01
65900000	1.184e-01
66000000	1.196e-01
66100000	1.209e-01
66200000	1.221e-01
66300000	1.233e-01
66400000	1.245e-01
66500000	1.257e-01
66600000	1.269e-01
66700000	1.281e-01
66800000	1.293e-01
66900000	1.305e-01
67000000	1.317e-01
67100000	1.329e-01
67200000	1.341e-01
67300000	1.353e-01
67400000	1.365e-01
67500000	1.377e-01
67600000	1.389e-01
67700000	1.401e-01
67800000	1.412e-01
67900000	1.424e-01
68000000	1.436e-01
68100000	1.448e-01
68200000	1.460e-01
68300000	1.471e-01
68400000	1.483e-01
68500000	1.495e-01
68600000	1.506e-01
68700000	1.518e-01
68800000	1.530e-01
68900000	1.541e-01
69000000	1.553e-01
69100000	1.565e-01
69200000	1.576e-01
69300000	1.588e-01
69400000	1.599e-01
69500000	1.611e-01
69600000	1.622e-01
69700000	1.633e-01
69800000	1.645e-01
69900000	1.656e-01
70000000	1.667e-01
70100000	1.678e-01
70200000	1.690e-01
70300000	1.701e-01
70400000	1.712e-01
70500000	1.723e-01
70600000	1.735e-01
70700000	1.746e-01
70800000	1.757e-01
70900000	1.768e-01
71000000	1.779e-01
71100000	1.790e-01
71200000	1.801e-01
71300000	1.812e-01
71400000	1.823e-01
71500000	1.834e-01
71600000	1.845e-01
71700000	1.856e-01
71800000	1.867e-01
71900000	1.877e-01
72000000	1.888e-01
72100000	1.899e-01
72200000	1.910e-01
72300000	1.921e-01
72400000	1.931e-01
72500000	1.942e-01
72600000	1.953e-01
72700000	1.963e-01
72800000	1.974e-01
72900000	1.984e-01
73000000	1.995e-01
73100000	2.005e-01
73200000	2.016e-01
73300000	2.026e-01
73400000	2.037e-01
73500000	2.047e-01
73600000	2.057e-01
73700000	2.068e-01
73800000	2.078e-01
73900000	2.088e-01
74000000	2.099e-01
74100000	2.109e-01
74200000	2.119e-01
74300000	2.129e-01
74400000	2.140e-01
74500000	2.150e-01
74600000	2.160e-01
74700000	2.170e-01
74800000	2.180e-01
74900000	2.190e-01
75000000	2.200e-01
75100000	2.210e-01
75200000	2.220e-01
75300000	2.230e-01
75400000	2.240e-01
75500000	2.250e-01
75600000	2.260e-01
75700000	2.270e-01
75800000	2.280e-01
75900000	2.290e-01
76000000	2.299e-01
76100000	2.309e-01
76200000	2.319e-01
76300000	2.329e-01
76400000	2.338e-01
76500000	2.348e-01
76600000	2.358e-01
76700000	2.367e-01
76800000	2.377e-01
76900000	2.387e-01
77000000	2.396e-01
77100000	2.406e-01
77200000	2.415e-01
77300000	2.425e-01
77400000	2.434e-01
77500000	2.444e-01
77600000	2.453e-01
77700000	2.463e-01
77800000	2.472e-01
77900000	2.482e-01
78000000	2.491e-01
78100000	2.500e-01
78200000	2.510e-01
78300000	2.519e-01
78400000	2.528e-01
78500000	2.537e-01
78600000	2.547e-01
78700000	2.556e-01
78800000	2.565e-01
78900000	2.574e-01
79000000	2.583e-01
79100000	2.592e-01
79200000	2.602e-01
79300000	2.611e-01
79400000	2.620e-01
79500000	2.629e-01
79600000	2.638e-01
79700000	2.647e-01
79800000	2.656e-01
79900000	2.665e-01
80000000	2.674e-01
80100000	2.682e-01
80200000	2.691e-01
80300000	2.700e-01
80400000	2.709e-01
80500000	2.718e-01
80600000	2.727e-01
80700000	2.735e-01
80800000	2.744e-01
80900000	2.753e-01
81000000	2.762e-01
81100000	2.770e-01
81200000	2.779e-01
81300000	2.787e-01
81400000	2.796e-01
81500000	2.805e-01
81600000	2.813e-01
81700000	2.822e-01
81800000	2.831e-01
81900000	2.839e-01
82000000	2.848e-01
82100000	2.856e-01
82200000	2.865e-01
82300000	2.873e-01
82400000	2.881e-01
82500000	2.890e-01
82600000	2.898e-01
82700000	2.906e-01
82800000	2.915e-01
82900000	2.923e-01
83000000	2.931e-01
83100000	2.940e-01
83200000	2.948e-01
83300000	2.956e-01
83400000	2.965e-01
83500000	2.973e-01
83600000	2.981e-01
83700000	2.989e-01
83800000	2.997e-01
83900000	3.005e-01
84000000	3.014e-01
84100000	3.022e-01
84200000	3.030e-01
84300000	3.038e-01
84400000	3.046e-01
84500000	3.054e-01
84600000	3.062e-01
84700000	3.070e-01
84800000	3.078e-01
84900000	3.086e-01
85000000	3.094e-01
85100000	3.102e-01
85200000	3.110e-01
85300000	3.118e-01
85400000	3.126e-01
85500000	3.134e-01
85600000	3.141e-01
85700000	3.149e-01
85800000	3.157e-01
85900000	3.165e-01
86000000	3.173e-01
86100000	3.181e-01
86200000	3.188e-01
86300000	3.196e-01
86400000	3.204e-01
86500000	3.212e-01
86600000	3.219e-01
86700000	3.227e-01
86800000	3.235e-01
86900000	3.242e-01
87000000	3.250e-01
87100000	3.258e-01
87200000	3.265e-01
87300000	3.273e-01
87400000	3.280e-01
87500000	3.288e-01
87600000	3.295e-01
87700000	3.303e-01
87800000	3.310e-01
87900000	3.318e-01
88000000	3.325e-01
88100000	3.332e-01
88200000	3.340e-01
88300000	3.347e-01
88400000	3.354e-01
88500000	3.362e-01
88600000	3.369e-01
88700000	3.376e-01
88800000	3.384e-01
88900000	3.391e-01
89000000	3.398e-01
89100000	3.406e-01
89200000	3.413e-01
89300000	3.420e-01
89400000	3.427e-01
89500000	3.434e-01
89600000	3.442e-01
89700000	3.449e-01
89800000	3.456e-01
89900000	3.463e-01
90000000	3.470e-01
90100000	3.477e-01
90200000	3.485e-01
90300000	3.492e-01
90400000	3.499e-01
90500000	3.506e-01
90600000	3.513e-01
90700000	3.520e-01
90800000	3.527e-01
90900000	3.534e-01
91000000	3.541e-01
91100000	3.548e-01
91200000	3.555e-01
91300000	3.561e-01
91400000	3.568e-01
91500000	3.575e-01
91600000	3.582e-01
91700000	3.589e-01
91800000	3.596e-01
91900000	3.603e-01
92000000	3.610e-01
92100000	3.617e-01
92200000	3.623e-01
92300000	3.630e-01
92400000	3.637e-01
92500000	3.644e-01
92600000	3.650e-01
92700000	3.657e-01
92800000	3.664e-01
92900000	3.670e-01
93000000	3.677e-01
93100000	3.684e-01
93200000	3.690e-01
93300000	3.697e-01
93400000	3.703e-01
93500000	3.710e-01
93600000	3.717e-01
93700000	3.723e-01
93800000	3.730e-01
93900000	3.736e-01
94000000	3.743e-01
94100000	3.750e-01
94200000	3.756e-01
94300000	3.763e-01
94400000	3.769e-01
94500000	3.776e-01
94600000	3.782e-01
94700000	3.789e-01
94800000	3.795e-01
94900000	3.801e-01
95000000	3.808e-01
95100000	3.814e-01
95200000	3.821e-01
95300000	3.827e-01
95400000	3.833e-01
95500000	3.840e-01
95600000	3.846e-01
95700000	3.852e-01
95800000	3.859e-01
95900000	3.865e-01
96000000	3.871e-01
96100000	3.878e-01
96200000	3.884e-01
96300000	3.890e-01
96400000	3.896e-01
96500000	3.903e-01
96600000	3.909e-01
96700000	3.915e-01
96800000	3.921e-01
96900000	3.927e-01
97000000	3.934e-01
97100000	3.940e-01
97200000	3.946e-01
97300000	3.952e-01
97400000	3.958e-01
97500000	3.964e-01
97600000	3.970e-01
97700000	3.976e-01
97800000	3.982e-01
97900000	3.988e-01
98000000	3.995e-01
98100000	4.001e-01
98200000	4.007e-01
98300000	4.013e-01
98400000	4.019e-01
98500000	4.025e-01
98600000	4.031e-01
98700000	4.037e-01
98800000	4.043e-01
98900000	4.048e-01
99000000	4.054e-01
99100000	4.060e-01
99200000	4.066e-01
99300000	4.072e-01
99400000	4.078e-01
99500000	4.084e-01
99600000	4.090e-01
99700000	4.096e-01
99800000	4.101e-01
99900000	4.107e-01
100000000	4.113e-01
100100000	4.119e-01
100200000	4.125e-01
100300000	4.131e-01
100400000	4.136e-01
100500000	4.142e-01
100600000	4.148e-01
100700000	4.154e-01
100800000	4.159e-01
100900000	4.165e-01
101000000	4.171e-01
101100000	4.176e-01
101200000	4.182e-01
101300000	4.188e-01
101400000	4.194e-01
101500000	4.199e-01
101600000	4.205e-01
101700000	4.211e-01
101800000	4.216e-01
101900000	4.222e-01
102000000	4.227e-01
102100000	4.233e-01
102200000	4.239e-01
102300000	4.244e-01
102400000	4.250e-01
102500000	4.255e-01
102600000	4.261e-01
102700000	4.266e-01
102800000	4.272e-01
102900000	4.277e-01
103000000	4.283e-01
103100000	4.288e-01
103200000	4.294e-01
103300000	4.299e-01
103400000	4.305e-01
103500000	4.310e-01
103600000	4.316e-01
103700000	4.321e-01
103800000	4.326e-01
103900000	4.332e-01
104000000	4.337e-01
104100000	4.343e-01
104200000	4.348e-01
104300000	4.354e-01
104400000	4.359e-01
104500000	4.364e-01
104600000	4.370e-01
104700000	4.375e-01
104800000	4.380e-01
104900000	4.386e-01
105000000	4.391e-01
105100000	4.396e-01
105200000	4.402e-01
105300000	4.407e-01
105400000	4.412e-01
105500000	4.417e-01
105600000	4.423e-01
105700000	4.428e-01
105800000	4.433e-01
105900000	4.438e-01
106000000	4.444e-01
106100000	4.449e-01
106200000	4.454e-01
106300000	4.459e-01
106400000	4.465e-01
106500000	4.470e-01
106600000	4.475e-01
106700000	4.480e-01
106800000	4.485e-01
106900000	4.490e-01
107000000	4.495e-01
107100000	4.501e-01
107200000	4.506e-01
107300000	4.511e-01
107400000	4.516e-01
107500000	4.521e-01
107600000	4.526e-01
107700000	4.531e-01
107800000	4.536e-01
107900000	4.541e-01
108000000	4.546e-01
108100000	4.551e-01
108200000	4.556e-01
108300000	4.561e-01
108400000	4.566e-01
108500000	4.571e-01
108600000	4.576e-01
108700000	4.581e-01
108800000	4.586e-01
108900000	4.591e-01
109000000	4.596e-01
109100000	4.601e-01
109200000	4.606e-01
109300000	4.611e-01
109400000	4.616e-01
109500000	4.621e-01
109600000	4.625e-01
109700000	4.630e-01
109800000	4.635e-01
109900000	4.640e-01
110000000	4.645e-01
110100000	4.650e-01
110200000	4.655e-01
110300000	4.659e-01
110400000	4.664e-01
110500000	4.669e-01
110600000	4.674e-01
110700000	4.679e-01
110800000	4.683e-01
110900000	4.688e-01
111000000	4.693e-01
111100000	4.698e-01
111200000	4.703e-01
111300000	4.707e-01
111400000	4.712e-01
111500000	4.717e-01
111600000	4.721e-01
111700000	4.726e-01
111800000	4.731e-01
111900000	4.736e-01
112000000	4.740e-01
112100000	4.745e-01
112200000	4.750e-01
112300000	4.754e-01
112400000	4.759e-01
112500000	4.763e-01
112600000	4.768e-01
112700000	4.773e-01
112800000	4.777e-01
112900000	4.782e-01
113000000	4.787e-01
113100000	4.791e-01
113200000	4.796e-01
113300000	4.800e-01
113400000	4.805e-01
113500000	4.810e-01
113600000	4.814e-01
113700000	4.819e-01
113800000	4.823e-01
113900000	4.828e-01
114000000	4.832e-01
114100000	4.837e-01
114200000	4.841e-01
114300000	4.846e-01
114400000	4.850e-01
114500000	4.855e-01
114600000	4.859e-01
114700000	4.864e-01
114800000	4.868e-01
114900000	4.873e-01
115000000	4.877e-01
115100000	4.882e-01
115200000	4.886e-01
115300000	4.890e-01
115400000	4.895e-01
115500000	4.899e-01
115600000	4.904e-01
115700000	4.908e-01
115800000	4.912e-01
115900000	4.917e-01
116000000	4.921e-01
116100000	4.925e-01
116200000	4.930e-01
116300000	4.934e-01
116400000	4.939e-01
116500000	4.943e-01
116600000	4.947e-01
116700000	4.952e-01
116800000	4.956e-01
116900000	4.960e-01
117000000	4.964e-01
117100000	4.969e-01
117200000	4.973e-01
117300000	4.977e-01
117400000	4.982e-01
117500000	4.986e-01
117600000	4.990e-01
117700000	4.994e-01
117800000	4.999e-01
117900000	5.003e-01
118000000	5.007e-01
118100000	5.011e-01
118200000	5.015e-01
118300000	5.020e-01
118400000	5.024e-01
118500000	5.028e-01
118600000	5.032e-01
118700000	5.036e-01
118800000	5.040e-01
118900000	5.045e-01
119000000	5.049e-01
119100000	5.053e-01
119200000	5.057e-01
119300000	5.061e-01
119400000	5.065e-01
119500000	5.070e-01
119600000	5.074e-01
119700000	5.078e-01
119800000	5.082e-01
119900000	5.086e-01
120000000	5.090e-01
120100000	5.094e-01
120200000	5.098e-01
120300000	5.102e-01
120400000	5.106e-01
120500000	5.110e-01
120600000	5.114e-01
120700000	5.118e-01
120800000	5.123e-01
120900000	5.127e-01
121000000	5.131e-01
121100000	5.134e-01
121200000	5.139e-01
121300000	5.143e-01
121400000	5.147e-01
121500000	5.151e-01
121600000	5.155e-01
121700000	5.159e-01
121800000	5.163e-01
121900000	5.167e-01
122000000	5.171e-01
122100000	5.174e-01
122200000	5.178e-01
122300000	5.182e-01
122400000	5.186e-01
122500000	5.190e-01
122600000	5.194e-01
122700000	5.198e-01
122800000	5.202e-01
122900000	5.206e-01
123000000	5.210e-01
123100000	5.214e-01
123200000	5.218e-01
123300000	5.221e-01
123400000	5.225e-01
123500000	5.229e-01
123600000	5.233e-01
123700000	5.237e-01
123800000	5.241e-01
123900000	5.244e-01
124000000	5.248e-01
124100000	5.252e-01
124200000	5.256e-01
124300000	5.260e-01
124400000	5.263e-01
124500000	5.267e-01
124600000	5.271e-01
124700000	5.274e-01
124800000	5.278e-01
124900000	5.282e-01
125000000	5.286e-01
125100000	5.289e-01
125200000	5.293e-01
125300000	5.297e-01
125400000	5.301e-01
125500000	5.304e-01
125600000	5.308e-01
125700000	5.312e-01
125800000	5.316e-01
125900000	5.319e-01
126000000	5.323e-01
126100000	5.327e-01
126200000	5.331e-01
126300000	5.334e-01
126400000	5.338e-01
126500000	5.342e-01
126600000	5.346e-01
126700000	5.349e-01
126800000	5.353e-01
126900000	5.356e-01
127000000	5.360e-01
127100000	5.364e-01
127200000	5.368e-01
127300000	5.371e-01
127400000	5.375e-01
127500000	5.378e-01
127600000	5.382e-01
127700000	5.386e-01
127800000	5.389e-01
127900000	5.393e-01
128000000	5.397e-01
128100000	5.400e-01
128200000	5.404e-01
128300000	5.408e-01
128400000	5.411e-01
128500000	5.415e-01
128600000	5.419e-01
128700000	5.422e-01
128800000	5.426e-01
128900000	5.429e-01
129000000	5.433e-01
129100000	5.436e-01
129200000	5.440e-01
129300000	5.443e-01
129400000	5.447e-01
129500000	5.451e-01
129600000	5.454e-01
129700000	5.458e-01
129800000	5.461e-01
129900000	5.465e-01
130000000	5.468e-01
130100000	5.472e-01
130200000	5.475e-01
130300000	5.479e-01
130400000	5.482e-01
130500000	5.486e-01
130600000	5.489e-01
130700000	5.493e-01
130800000	5.496e-01
130900000	5.500e-01
131000000	5.503e-01
131100000	5.507e-01
131200000	5.510e-01
131300000	5.514e-01
131400000	5.517e-01
131500000	5.520e-01
131600000	5.524e-01
131700000	5.527e-01
131800000	5.531e-01
131900000	5.534e-01
132000000	5.538e-01
132100000	5.541e-01
132200000	5.544e-01
132300000	5.548e-01
132400000	5.551e-01
132500000	5.555e-01
132600000	5.558e-01
132700000	5.561e-01
132800000	5.565e-01
132900000	5.568e-01
133000000	5.571e-01
133100000	5.575e-01
133200000	5.578e-01
133300000	5.581e-01
133400000	5.585e-01
133500000	5.588e-01
133600000	5.591e-01
133700000	5.595e-01
133800000	5.598e-01
133900000	5.601e-01
134000000	5.604e-01
134100000	5.608e-01
134200000	5.611e-01
134300000	5.614e-01
134400000	5.617e-01
134500000	5.621e-01
134600000	5.624e-01
134700000	5.627e-01
134800000	5.630e-01
134900000	5.634e-01
135000000	5.637e-01
135100000	5.640e-01
135200000	5.643e-01
135300000	5.647e-01
135400000	5.650e-01
135500000	5.653e-01
135600000	5.656e-01
135700000	5.659e-01
135800000	5.662e-01
135900000	5.665e-01
136000000	5.668e-01
136100000	5.671e-01
136200000	5.674e-01
136300000	5.677e-01
136400000	5.679e-01
136500000	5.682e-01
136600000	5.684e-01
136700000	5.687e-01
136800000	5.689e-01
136900000	5.692e-01
137000000	5.695e-01
137100000	5.697e-01
